t kinetic_energy max_velocity div_max
0.001 0.510022 1.02498 0
0.002 0.510186 1.07318 0
0.003 0.510474 1.11789 0
0.004 0.510849 1.15923 0
0.005 0.511284 1.19737 0
0.006 0.51176 1.23245 0
0.007 0.512262 1.26466 0
0.008 0.512778 1.29416 0
0.009 0.513301 1.32114 0
0.01 0.513823 1.34576 0
0.011 0.514343 1.3682 0
0.012 0.514856 1.38862 0
0.013 0.515362 1.40718 0
0.014 0.515858 1.42402 0
0.015 0.516346 1.4393 0
0.016 0.516824 1.45313 0
0.017 0.517292 1.46566 0
0.018 0.517752 1.47698 0
0.019 0.518204 1.49053 0
0.02 0.518648 1.51047 0
0.021 0.519085 1.52965 0
0.022 0.519516 1.5481 0
0.023 0.51994 1.56583 0
0.024 0.520359 1.58285 0
0.025 0.520774 1.59919 0
0.026 0.521184 1.61485 0
0.027 0.52159 1.62986 0
0.028 0.521993 1.64424 0
0.029 0.522394 1.65802 0
0.03 0.522791 1.6712 0
0.031 0.523187 1.68369 0
0.032 0.52358 1.69541 0
0.033 0.523972 1.70642 0
0.034 0.524362 1.71675 0
0.035 0.52475 1.72642 0
0.036 0.525138 1.73547 0
0.037 0.525524 1.74395 0
0.038 0.52591 1.75187 0
0.039 0.526295 1.75927 0
0.04 0.52668 1.76618 0
0.041 0.527064 1.77263 0
0.042 0.527448 1.77865 0
0.043 0.527832 1.78427 0
0.044 0.528216 1.78951 0
0.045 0.528599 1.79439 0
0.046 0.528983 1.79895 0
0.047 0.529367 1.8032 0
0.048 0.52975 1.80716 0
0.049 0.530134 1.81614 0
0.05 0.530519 1.82593 0
0.051 0.530903 1.83539 0
0.052 0.531287 1.84456 0
0.053 0.531672 1.85343 0
0.054 0.532057 1.86201 0
0.055 0.532443 1.8703 0
0.056 0.532829 1.87833 0
0.057 0.533215 1.88608 0
0.058 0.533601 1.89358 0
0.059 0.533988 1.90083 0
0.06 0.534375 1.90784 0
0.061 0.534762 1.91462 0
0.062 0.53515 1.92118 0
0.063 0.535538 1.92753 0
0.064 0.535926 1.93359 0
0.065 0.536315 1.93928 0
0.066 0.536704 1.94463 0
0.067 0.537093 1.94966 0
0.068 0.537482 1.95439 0
0.069 0.537871 1.95883 0
0.07 0.53826 1.963 0
0.071 0.53865 1.96692 0
0.072 0.53904 1.9706 0
0.073 0.53943 1.97405 0
0.074 0.53982 1.9773 0
0.075 0.54021 1.98035 0
0.076 0.540601 1.98323 0
0.077 0.540992 1.98593 0
0.078 0.541383 1.98847 0
0.079 0.541774 1.99086 0
0.08 0.542165 1.99311 0
0.081 0.542557 1.99621 0
0.082 0.542949 2.00234 0
0.083 0.543341 2.00828 0
0.084 0.543733 2.01405 0
0.085 0.544125 2.01965 0
0.086 0.544518 2.02507 0
0.087 0.54491 2.03034 0
0.088 0.545303 2.03544 0
0.089 0.545696 2.0404 0
0.09 0.546089 2.04521 0
0.091 0.546483 2.04987 0
0.092 0.546876 2.0544 0
0.093 0.54727 2.0588 0
0.094 0.547664 2.06308 0
0.095 0.548058 2.06723 0
0.096 0.548452 2.07127 0
0.097 0.548846 2.07519 0
0.098 0.54924 2.07901 0
0.099 0.549635 2.08262 0
0.1 0.550029 2.08602 0
0.101 0.550423 2.08921 0
0.102 0.550818 2.09221 0
0.103 0.551212 2.09504 0
0.104 0.551606 2.09769 0
0.105 0.552 2.10019 0
0.106 0.552395 2.10255 0
0.107 0.552789 2.10477 0
0.108 0.553183 2.10686 0
0.109 0.553577 2.10884 0
0.11 0.553972 2.11071 0
0.111 0.554366 2.11247 0
0.112 0.55476 2.11414 0
0.113 0.555155 2.11572 0
0.114 0.555549 2.11721 0
0.115 0.555943 2.11863 0
0.116 0.556337 2.12165 0
0.117 0.556732 2.12576 0
0.118 0.557126 2.12975 0
0.119 0.55752 2.13363 0
0.12 0.557915 2.1374 0
0.121 0.558309 2.14107 0
0.122 0.558704 2.14463 0
0.123 0.559098 2.1481 0
0.124 0.559493 2.15147 0
0.125 0.559887 2.15476 0
0.126 0.560281 2.15795 0
0.127 0.560676 2.16107 0
0.128 0.561071 2.1641 0
0.129 0.561465 2.16705 0
0.13 0.56186 2.16993 0
0.131 0.562254 2.17274 0
0.132 0.562649 2.17548 0
0.133 0.563044 2.17815 0
0.134 0.563438 2.18076 0
0.135 0.563833 2.18327 0
0.136 0.564227 2.18563 0
0.137 0.564622 2.18785 0
0.138 0.565016 2.18994 0
0.139 0.56541 2.19191 0
0.14 0.565804 2.19376 0
0.141 0.566198 2.19552 0
0.142 0.566592 2.19718 0
0.143 0.566986 2.19875 0
0.144 0.56738 2.20023 0
0.145 0.567774 2.20164 0
0.146 0.568167 2.20298 0
0.147 0.568561 2.20425 0
0.148 0.568955 2.20545 0
0.149 0.569348 2.2066 0
0.15 0.569742 2.2077 0
0.151 0.570135 2.20875 0
0.152 0.570528 2.20975 0
0.153 0.570922 2.21265 0
0.154 0.571315 2.21558 0
0.155 0.571708 2.21843 0
0.156 0.572101 2.22121 0
0.157 0.572495 2.22392 0
0.158 0.572888 2.22656 0
0.159 0.573281 2.22913 0
0.16 0.573674 2.23164 0
0.161 0.574067 2.23408 0
0.162 0.57446 2.23647 0
0.163 0.574853 2.23881 0
0.164 0.575246 2.24108 0
0.165 0.575639 2.24331 0
0.166 0.576032 2.24548 0
0.167 0.576425 2.24761 0
0.168 0.576817 2.24969 0
0.169 0.57721 2.25173 0
0.17 0.577603 2.25372 0
0.171 0.577996 2.25568 0
0.172 0.578388 2.25759 0
0.173 0.578781 2.25945 0
0.174 0.579173 2.26121 0
0.175 0.579566 2.26286 0
0.176 0.579958 2.26442 0
0.177 0.58035 2.2659 0
0.178 0.580742 2.26731 0
0.179 0.581134 2.26863 0
0.18 0.581526 2.2699 0
0.181 0.581918 2.27109 0
0.182 0.582309 2.27223 0
0.183 0.582701 2.27332 0
0.184 0.583092 2.27436 0
0.185 0.583483 2.27535 0
0.186 0.583875 2.27629 0
0.187 0.584266 2.2772 0
0.188 0.584657 2.27807 0
0.189 0.585048 2.27891 0
0.19 0.585439 2.27971 0
0.191 0.58583 2.28055 0
0.192 0.58622 2.2828 0
0.193 0.586611 2.285 0
0.194 0.587002 2.28714 0
0.195 0.587392 2.28924 0
0.196 0.587783 2.29128 0
0.197 0.588173 2.29328 0
0.198 0.588564 2.29524 0
0.199 0.588954 2.29715 0
0.2 0.589344 2.29902 0
0.201 0.589734 2.30085 0
0.202 0.590124 2.30264 0
0.203 0.590514 2.3044 0
0.204 0.590904 2.30612 0
0.205 0.591294 2.30781 0
0.206 0.591684 2.30946 0
0.207 0.592074 2.31108 0
0.208 0.592463 2.31268 0
0.209 0.592853 2.31424 0
0.21 0.593243 2.31578 0
0.211 0.593632 2.31729 0
0.212 0.594022 2.31877 0
0.213 0.594411 2.32023 0
0.214 0.5948 2.32163 0
0.215 0.595189 2.32296 0
0.216 0.595579 2.32422 0
0.217 0.595967 2.32541 0
0.218 0.596356 2.32655 0
0.219 0.596745 2.32763 0
0.22 0.597133 2.32866 0
0.221 0.597522 2.32964 0
0.222 0.59791 2.33058 0
0.223 0.598298 2.33148 0
0.224 0.598686 2.33234 0
0.225 0.599074 2.33317 0
0.226 0.599462 2.33396 0
0.227 0.59985 2.33473 0
0.228 0.600237 2.33546 0
0.229 0.600625 2.33618 0
0.23 0.601012 2.33686 0
0.231 0.6014 2.33753 0
0.232 0.601787 2.33818 0
0.233 0.602174 2.33934 0
0.234 0.602561 2.34107 0
0.235 0.602948 2.34276 0
0.236 0.603335 2.34441 0
0.237 0.603722 2.34603 0
0.238 0.604109 2.34762 0
0.239 0.604495 2.34917 0
0.24 0.604882 2.3507 0
0.241 0.605268 2.3522 0
0.242 0.605655 2.35366 0
0.243 0.606041 2.3551 0
0.244 0.606427 2.35652 0
0.245 0.606813 2.35791 0
0.246 0.607199 2.35928 0
0.247 0.607585 2.36062 0
0.248 0.607971 2.36194 0
0.249 0.608357 2.36324 0
0.25 0.608743 2.36452 0
0.251 0.609128 2.36578 0
0.252 0.609514 2.36702 0
0.253 0.6099 2.36824 0
0.254 0.610285 2.36944 0
0.255 0.61067 2.37063 0
0.256 0.611056 2.3718 0
0.257 0.611441 2.37294 0
0.258 0.611826 2.37403 0
0.259 0.612211 2.37506 0
0.26 0.612596 2.37605 0
0.261 0.61298 2.37698 0
0.262 0.613365 2.37788 0
0.263 0.613749 2.37874 0
0.264 0.614133 2.37956 0
0.265 0.614517 2.38035 0
0.266 0.614902 2.38111 0
0.267 0.615285 2.38184 0
0.268 0.615669 2.38255 0
0.269 0.616053 2.38323 0
0.27 0.616436 2.38388 0
0.271 0.61682 2.38452 0
0.272 0.617203 2.38514 0
0.273 0.617586 2.38574 0
0.274 0.61797 2.38632 0
0.275 0.618353 2.38688 0
0.276 0.618735 2.38744 0
0.277 0.619118 2.38797 0
0.278 0.619501 2.38929 0
0.279 0.619884 2.39066 0
0.28 0.620266 2.39199 0
0.281 0.620648 2.39331 0
0.282 0.621031 2.3946 0
0.283 0.621413 2.39586 0
0.284 0.621795 2.39711 0
0.285 0.622177 2.39833 0
0.286 0.622559 2.39953 0
0.287 0.62294 2.40072 0
0.288 0.623322 2.40188 0
0.289 0.623704 2.40303 0
0.29 0.624085 2.40416 0
0.291 0.624466 2.40527 0
0.292 0.624848 2.40637 0
0.293 0.625229 2.40745 0
0.294 0.62561 2.40851 0
0.295 0.625991 2.40956 0
0.296 0.626372 2.4106 0
0.297 0.626752 2.41162 0
0.298 0.627133 2.41263 0
0.299 0.627514 2.41363 0
0.3 0.627894 2.41462 0
0.301 0.628274 2.41559 0
0.302 0.628655 2.41655 0
0.303 0.629035 2.4175 0
0.304 0.629415 2.41841 0
0.305 0.629795 2.41928 0
0.306 0.630174 2.42011 0
0.307 0.630554 2.42091 0
0.308 0.630933 2.42167 0
0.309 0.631313 2.4224 0
0.31 0.631692 2.42311 0
0.311 0.632071 2.42379 0
0.312 0.63245 2.42444 0
0.313 0.632828 2.42507 0
0.314 0.633207 2.42568 0
0.315 0.633585 2.42627 0
0.316 0.633964 2.42685 0
0.317 0.634342 2.4274 0
0.318 0.63472 2.42795 0
0.319 0.635098 2.42847 0
0.32 0.635476 2.42899 0
0.321 0.635854 2.42949 0
0.322 0.636231 2.42998 0
0.323 0.636609 2.43045 0
0.324 0.636986 2.43092 0
0.325 0.637363 2.43149 0
0.326 0.63774 2.43262 0
0.327 0.638117 2.43372 0
0.328 0.638494 2.43481 0
0.329 0.638871 2.43588 0
0.33 0.639247 2.43693 0
0.331 0.639624 2.43796 0
0.332 0.64 2.43898 0
0.333 0.640376 2.43999 0
0.334 0.640753 2.44098 0
0.335 0.641129 2.44196 0
0.336 0.641504 2.44292 0
0.337 0.64188 2.44387 0
0.338 0.642256 2.44481 0
0.339 0.642631 2.44573 0
0.34 0.643007 2.44664 0
0.341 0.643382 2.44755 0
0.342 0.643757 2.44844 0
0.343 0.644132 2.44932 0
0.344 0.644507 2.45019 0
0.345 0.644882 2.45105 0
0.346 0.645256 2.4519 0
0.347 0.645631 2.45274 0
0.348 0.646005 2.45357 0
0.349 0.64638 2.45439 0
0.35 0.646754 2.45521 0
0.351 0.647128 2.45602 0
0.352 0.647502 2.45681 0
0.353 0.647876 2.4576 0
0.354 0.648249 2.45835 0
0.355 0.648623 2.45907 0
0.356 0.648996 2.45977 0
0.357 0.649369 2.46043 0
0.358 0.649742 2.46107 0
0.359 0.650115 2.46168 0
0.36 0.650488 2.46228 0
0.361 0.65086 2.46285 0
0.362 0.651233 2.46341 0
0.363 0.651605 2.46394 0
0.364 0.651977 2.46447 0
0.365 0.652349 2.46497 0
0.366 0.65272 2.46547 0
0.367 0.653092 2.46595 0
0.368 0.653463 2.46642 0
0.369 0.653835 2.46687 0
0.37 0.654206 2.46732 0
0.371 0.654577 2.46776 0
0.372 0.654947 2.46819 0
0.373 0.655318 2.46861 0
0.374 0.655689 2.46902 0
0.375 0.656059 2.46942 0
0.376 0.656429 2.46985 0
0.377 0.656799 2.47078 0
0.378 0.657169 2.4717 0
0.379 0.657539 2.4726 0
0.38 0.657908 2.47349 0
0.381 0.658278 2.47437 0
0.382 0.658647 2.47524 0
0.383 0.659016 2.47609 0
0.384 0.659385 2.47693 0
0.385 0.659754 2.47777 0
0.386 0.660123 2.47859 0
0.387 0.660491 2.4794 0
0.388 0.660859 2.4802 0
0.389 0.661228 2.48099 0
0.39 0.661596 2.48178 0
0.391 0.661964 2.48255 0
0.392 0.662331 2.48332 0
0.393 0.662699 2.48407 0
0.394 0.663066 2.48482 0
0.395 0.663433 2.48557 0
0.396 0.6638 2.4863 0
0.397 0.664167 2.48703 0
0.398 0.664534 2.48775 0
0.399 0.664901 2.48846 0
0.4 0.665267 2.48917 0
0.401 0.665633 2.48987 0
0.402 0.666 2.49056 0
0.403 0.666365 2.49125 0
0.404 0.666731 2.49193 0
0.405 0.667097 2.49261 0
0.406 0.667462 2.49327 0
0.407 0.667828 2.49391 0
0.408 0.668193 2.49453 0
0.409 0.668557 2.49512 0
0.41 0.668922 2.49569 0
0.411 0.669286 2.49624 0
0.412 0.669651 2.49677 0
0.413 0.670015 2.49728 0
0.414 0.670379 2.49778 0
0.415 0.670742 2.49826 0
0.416 0.671106 2.49873 0
0.417 0.671469 2.49918 0
0.418 0.671832 2.49962 0
0.419 0.672195 2.50006 0
0.42 0.672557 2.50048 0
0.421 0.67292 2.50089 0
0.422 0.673282 2.50129 0
0.423 0.673644 2.50169 0
0.424 0.674006 2.50208 0
0.425 0.674367 2.50245 0
0.426 0.674729 2.50283 0
0.427 0.67509 2.50319 0
0.428 0.675451 2.50355 0
0.429 0.675812 2.50391 0
0.43 0.676172 2.50426 0
0.431 0.676533 2.50483 0
0.432 0.676893 2.50561 0
0.433 0.677253 2.50638 0
0.434 0.677612 2.50713 0
0.435 0.677972 2.50788 0
0.436 0.678331 2.50861 0
0.437 0.67869 2.50934 0
0.438 0.679049 2.51006 0
0.439 0.679408 2.51077 0
0.44 0.679766 2.51147 0
0.441 0.680124 2.51217 0
0.442 0.680483 2.51286 0
0.443 0.68084 2.51354 0
0.444 0.681198 2.51421 0
0.445 0.681555 2.51488 0
0.446 0.681912 2.51554 0
0.447 0.682269 2.51619 0
0.448 0.682626 2.51684 0
0.449 0.682982 2.51748 0
0.45 0.683339 2.51811 0
0.451 0.683695 2.51874 0
0.452 0.68405 2.51937 0
0.453 0.684406 2.51999 0
0.454 0.684761 2.5206 0
0.455 0.685116 2.52121 0
0.456 0.685471 2.52181 0
0.457 0.685825 2.52241 0
0.458 0.68618 2.523 0
0.459 0.686534 2.52359 0
0.46 0.686888 2.52418 0
0.461 0.687241 2.52476 0
0.462 0.687594 2.52533 0
0.463 0.687948 2.52589 0
0.464 0.6883 2.52643 0
0.465 0.688653 2.52695 0
0.466 0.689005 2.52745 0
0.467 0.689357 2.52793 0
0.468 0.689708 2.5284 0
0.469 0.69006 2.52885 0
0.47 0.690411 2.52929 0
0.471 0.690761 2.52972 0
0.472 0.691112 2.53013 0
0.473 0.691462 2.53053 0
0.474 0.691812 2.53093 0
0.475 0.692161 2.53131 0
0.476 0.692511 2.53168 0
0.477 0.692859 2.53205 0
0.478 0.693208 2.53241 0
0.479 0.693556 2.53276 0
0.48 0.693904 2.53311 0
0.481 0.694252 2.53345 0
0.482 0.694599 2.53378 0
0.483 0.694946 2.53411 0
0.484 0.695293 2.53443 0
0.485 0.69564 2.53475 0
0.486 0.695986 2.53506 0
0.487 0.696331 2.53537 0
0.488 0.696677 2.53567 0
0.489 0.697022 2.53618 0
0.49 0.697367 2.53684 0
0.491 0.697711 2.53749 0
0.492 0.698055 2.53814 0
0.493 0.698399 2.53877 0
0.494 0.698742 2.5394 0
0.495 0.699086 2.54003 0
0.496 0.699428 2.54064 0
0.497 0.699771 2.54125 0
0.498 0.700113 2.54185 0
0.499 0.700454 2.54245 0
0.5 0.700796 2.54304 0
0.501 0.701137 2.54363 0
0.502 0.701477 2.54421 0
0.503 0.701818 2.54478 0
0.504 0.702157 2.54535 0
0.505 0.702497 2.54592 0
0.506 0.702836 2.54648 0
0.507 0.703175 2.54703 0
0.508 0.703513 2.54758 0
0.509 0.703851 2.54813 0
0.51 0.704188 2.54867 0
0.511 0.704526 2.54921 0
0.512 0.704862 2.54974 0
0.513 0.705199 2.55027 0
0.514 0.705535 2.55079 0
0.515 0.70587 2.55132 0
0.516 0.706205 2.55183 0
0.517 0.70654 2.55235 0
0.518 0.706874 2.55286 0
0.519 0.707208 2.55336 0
0.52 0.707541 2.55387 0
0.521 0.707874 2.55437 0
0.522 0.708207 2.55486 0
0.523 0.708539 2.55535 0
0.524 0.70887 2.55581 0
0.525 0.709201 2.55626 0
0.526 0.709532 2.55669 0
0.527 0.709862 2.55711 0
0.528 0.710191 2.55751 0
0.529 0.71052 2.5579 0
0.53 0.710849 2.55829 0
0.531 0.711177 2.55866 0
0.532 0.711505 2.55902 0
0.533 0.711832 2.55937 0
0.534 0.712158 2.55971 0
0.535 0.712484 2.56005 0
0.536 0.71281 2.56038 0
0.537 0.713134 2.5607 0
0.538 0.713459 2.56102 0
0.539 0.713783 2.56133 0
0.54 0.714106 2.56163 0
0.541 0.714429 2.56193 0
0.542 0.714751 2.56222 0
0.543 0.715073 2.56251 0
0.544 0.715394 2.5628 0
0.545 0.715714 2.56308 0
0.546 0.716034 2.56336 0
0.547 0.716353 2.56363 0
0.548 0.716672 2.5639 0
0.549 0.71699 2.56417 0
0.55 0.717308 2.56449 0
0.551 0.717625 2.56506 0
0.552 0.717941 2.56562 0
0.553 0.718257 2.56617 0
0.554 0.718572 2.56672 0
0.555 0.718886 2.56726 0
0.556 0.7192 2.5678 0
0.557 0.719513 2.56833 0
0.558 0.719826 2.56886 0
0.559 0.720137 2.56938 0
0.56 0.720449 2.5699 0
0.561 0.720759 2.57041 0
0.562 0.721069 2.57092 0
0.563 0.721378 2.57142 0
0.564 0.721687 2.57192 0
0.565 0.721995 2.57241 0
0.566 0.722302 2.5729 0
0.567 0.722608 2.57339 0
0.568 0.722914 2.57387 0
0.569 0.723219 2.57435 0
0.57 0.723523 2.57483 0
0.571 0.723826 2.5753 0
0.572 0.724129 2.57577 0
0.573 0.724431 2.57623 0
0.574 0.724733 2.57669 0
0.575 0.725033 2.57715 0
0.576 0.725333 2.57761 0
0.577 0.725632 2.57806 0
0.578 0.72593 2.57851 0
0.579 0.726228 2.57895 0
0.58 0.726524 2.57939 0
0.581 0.72682 2.57983 0
0.582 0.727115 2.58027 0
0.583 0.727409 2.5807 0
0.584 0.727703 2.58113 0
0.585 0.727996 2.58156 0
0.586 0.728287 2.58198 0
0.587 0.728578 2.58239 0
0.588 0.728868 2.58278 0
0.589 0.729158 2.58316 0
0.59 0.729446 2.58353 0
0.591 0.729734 2.58388 0
0.592 0.73002 2.58422 0
0.593 0.730306 2.58456 0
0.594 0.730591 2.58488 0
0.595 0.730875 2.58519 0
0.596 0.731158 2.5855 0
0.597 0.73144 2.5858 0
0.598 0.731721 2.5861 0
0.599 0.732002 2.58638 0
0.6 0.732281 2.58666 0
0.601 0.73256 2.58694 0
0.602 0.732838 2.58721 0
0.603 0.733114 2.58748 0
0.604 0.73339 2.58774 0
0.605 0.733665 2.588 0
0.606 0.733939 2.58825 0
0.607 0.734212 2.5885 0
0.608 0.734484 2.58874 0
0.609 0.734755 2.58899 0
0.61 0.735025 2.58923 0
0.611 0.735294 2.58946 0
0.612 0.735562 2.5897 0
0.613 0.73583 2.58993 0
0.614 0.736096 2.59015 0
0.615 0.736361 2.59043 0
0.616 0.736625 2.59091 0
0.617 0.736889 2.59139 0
0.618 0.737151 2.59186 0
0.619 0.737413 2.59233 0
0.62 0.737673 2.59279 0
0.621 0.737932 2.59325 0
0.622 0.738191 2.5937 0
0.623 0.738448 2.59415 0
0.624 0.738705 2.59459 0
0.625 0.73896 2.59503 0
0.626 0.739215 2.59547 0
0.627 0.739468 2.5959 0
0.628 0.739721 2.59633 0
0.629 0.739972 2.59675 0
0.63 0.740222 2.59718 0
0.631 0.740472 2.5976 0
0.632 0.74072 2.59801 0
0.633 0.740968 2.59842 0
0.634 0.741214 2.59883 0
0.635 0.74146 2.59924 0
0.636 0.741704 2.59964 0
0.637 0.741947 2.60004 0
0.638 0.74219 2.60044 0
0.639 0.742431 2.60083 0
0.64 0.742671 2.60122 0
0.641 0.742911 2.60161 0
0.642 0.743149 2.602 0
0.643 0.743386 2.60238 0
0.644 0.743623 2.60276 0
0.645 0.743858 2.60314 0
0.646 0.744092 2.60352 0
0.647 0.744326 2.60389 0
0.648 0.744558 2.60426 0
0.649 0.744789 2.60463 0
0.65 0.745019 2.605 0
0.651 0.745249 2.60536 0
0.652 0.745477 2.60573 0
0.653 0.745704 2.60609 0
0.654 0.74593 2.60643 0
0.655 0.746155 2.60677 0
0.656 0.74638 2.60709 0
0.657 0.746603 2.6074 0
0.658 0.746825 2.6077 0
0.659 0.747046 2.60799 0
0.66 0.747266 2.60828 0
0.661 0.747485 2.60855 0
0.662 0.747703 2.60882 0
0.663 0.747921 2.60908 0
0.664 0.748137 2.60934 0
0.665 0.748352 2.60959 0
0.666 0.748566 2.60983 0
0.667 0.748779 2.61007 0
0.668 0.748991 2.6103 0
0.669 0.749203 2.61053 0
0.67 0.749413 2.61076 0
0.671 0.749622 2.61098 0
0.672 0.74983 2.6112 0
0.673 0.750038 2.61141 0
0.674 0.750244 2.61163 0
0.675 0.750449 2.61183 0
0.676 0.750654 2.61204 0
0.677 0.750857 2.61224 0
0.678 0.75106 2.61244 0
0.679 0.751261 2.61264 0
0.68 0.751462 2.61284 0
0.681 0.751662 2.61303 0
0.682 0.751861 2.61322 0
0.683 0.752058 2.61341 0
0.684 0.752255 2.6136 0
0.685 0.752451 2.61396 0
0.686 0.752647 2.61436 0
0.687 0.752841 2.61476 0
0.688 0.753034 2.61515 0
0.689 0.753227 2.61553 0
0.69 0.753418 2.61592 0
0.691 0.753609 2.6163 0
0.692 0.753798 2.61667 0
0.693 0.753987 2.61705 0
0.694 0.754175 2.61742 0
0.695 0.754362 2.61778 0
0.696 0.754549 2.61815 0
0.697 0.754734 2.61851 0
0.698 0.754919 2.61887 0
0.699 0.755102 2.61922 0
0.7 0.755285 2.61957 0
0.701 0.755467 2.61993 0
0.702 0.755648 2.62027 0
0.703 0.755828 2.62062 0
0.704 0.756008 2.62096 0
0.705 0.756187 2.6213 0
0.706 0.756364 2.62164 0
0.707 0.756541 2.62198 0
0.708 0.756718 2.62231 0
0.709 0.756893 2.62264 0
0.71 0.757067 2.62297 0
0.711 0.757241 2.6233 0
0.712 0.757414 2.62362 0
0.713 0.757586 2.62395 0
0.714 0.757758 2.62427 0
0.715 0.757929 2.62459 0
0.716 0.758098 2.62491 0
0.717 0.758268 2.62522 0
0.718 0.758436 2.62554 0
0.719 0.758603 2.62585 0
0.72 0.75877 2.62616 0
0.721 0.758936 2.62647 0
0.722 0.759102 2.62677 0
0.723 0.759266 2.62708 0
0.724 0.75943 2.62738 0
0.725 0.759593 2.62769 0
0.726 0.759756 2.62798 0
0.727 0.759917 2.62827 0
0.728 0.760078 2.62854 0
0.729 0.760239 2.62881 0
0.73 0.760398 2.62906 0
0.731 0.760557 2.62931 0
0.732 0.760715 2.62955 0
0.733 0.760873 2.62979 0
0.734 0.761029 2.63002 0
0.735 0.761185 2.63024 0
0.736 0.761341 2.63046 0
0.737 0.761496 2.63067 0
0.738 0.76165 2.63088 0
0.739 0.761803 2.63108 0
0.74 0.761956 2.63128 0
0.741 0.762108 2.63148 0
0.742 0.762259 2.63167 0
0.743 0.76241 2.63187 0
0.744 0.76256 2.63205 0
0.745 0.76271 2.63224 0
0.746 0.762858 2.63242 0
0.747 0.763007 2.6326 0
0.748 0.763154 2.63278 0
0.749 0.763301 2.63295 0
0.75 0.763448 2.63312 0
0.751 0.763594 2.6333 0
0.752 0.763739 2.63346 0
0.753 0.763883 2.63363 0
0.754 0.764027 2.6338 0
0.755 0.764171 2.63396 0
0.756 0.764314 2.63413 0
0.757 0.764456 2.63429 0
0.758 0.764598 2.63445 0
0.759 0.764739 2.63461 0
0.76 0.76488 2.63487 0
0.761 0.76502 2.6352 0
0.762 0.765159 2.63553 0
0.763 0.765298 2.63586 0
0.764 0.765437 2.63619 0
0.765 0.765575 2.63651 0
0.766 0.765712 2.63683 0
0.767 0.765849 2.63715 0
0.768 0.765985 2.63746 0
0.769 0.766121 2.63777 0
0.77 0.766256 2.63808 0
0.771 0.766391 2.63839 0
0.772 0.766526 2.6387 0
0.773 0.766659 2.639 0
0.774 0.766793 2.63931 0
0.775 0.766926 2.63961 0
0.776 0.767058 2.6399 0
0.777 0.76719 2.6402 0
0.778 0.767321 2.6405 0
0.779 0.767452 2.64079 0
0.78 0.767583 2.64108 0
0.781 0.767713 2.64137 0
0.782 0.767843 2.64166 0
0.783 0.767972 2.64194 0
0.784 0.7681 2.64223 0
0.785 0.768229 2.64251 0
0.786 0.768356 2.64279 0
0.787 0.768484 2.64307 0
0.788 0.768611 2.64335 0
0.789 0.768737 2.64363 0
0.79 0.768863 2.64391 0
0.791 0.768989 2.64418 0
0.792 0.769114 2.64445 0
0.793 0.769239 2.64472 0
0.794 0.769364 2.64499 0
0.795 0.769488 2.64526 0
0.796 0.769611 2.64553 0
0.797 0.769735 2.6458 0
0.798 0.769857 2.64606 0
0.799 0.76998 2.64633 0
0.8 0.770102 2.64659 0
0.801 0.770224 2.64685 0
0.802 0.770345 2.64711 0
0.803 0.770466 2.64737 0
0.804 0.770587 2.64763 0
0.805 0.770707 2.64788 0
0.806 0.770827 2.64813 0
0.807 0.770946 2.64836 0
0.808 0.771065 2.64859 0
0.809 0.771184 2.64882 0
0.81 0.771302 2.64903 0
0.811 0.77142 2.64924 0
0.812 0.771538 2.64944 0
0.813 0.771655 2.64964 0
0.814 0.771772 2.64984 0
0.815 0.771889 2.65003 0
0.816 0.772005 2.65022 0
0.817 0.772121 2.6504 0
0.818 0.772237 2.65058 0
0.819 0.772352 2.65075 0
0.82 0.772467 2.65093 0
0.821 0.772582 2.6511 0
0.822 0.772696 2.65127 0
0.823 0.77281 2.65143 0
0.824 0.772924 2.6516 0
0.825 0.773037 2.65176 0
0.826 0.77315 2.65192 0
0.827 0.773263 2.65208 0
0.828 0.773376 2.65223 0
0.829 0.773488 2.65239 0
0.83 0.7736 2.65254 0
0.831 0.773711 2.65269 0
0.832 0.773823 2.65284 0
0.833 0.773934 2.65299 0
0.834 0.774045 2.65314 0
0.835 0.774155 2.65329 0
0.836 0.774265 2.65343 0
0.837 0.774375 2.65358 0
0.838 0.774485 2.65372 0
0.839 0.774595 2.65386 0
0.84 0.774704 2.654 0
0.841 0.774813 2.65414 0
0.842 0.774921 2.65431 0
0.843 0.77503 2.6546 0
0.844 0.775138 2.65488 0
0.845 0.775246 2.65516 0
0.846 0.775354 2.65544 0
0.847 0.775461 2.65572 0
0.848 0.775568 2.65599 0
0.849 0.775675 2.65626 0
0.85 0.775782 2.65654 0
0.851 0.775888 2.6568 0
0.852 0.775994 2.65707 0
0.853 0.7761 2.65734 0
0.854 0.776206 2.6576 0
0.855 0.776312 2.65787 0
0.856 0.776417 2.65813 0
0.857 0.776522 2.65839 0
0.858 0.776627 2.65865 0
0.859 0.776732 2.65891 0
0.86 0.776836 2.65916 0
0.861 0.77694 2.65942 0
0.862 0.777044 2.65967 0
0.863 0.777148 2.65993 0
0.864 0.777252 2.66018 0
0.865 0.777355 2.66043 0
0.866 0.777459 2.66068 0
0.867 0.777562 2.66093 0
0.868 0.777665 2.66117 0
0.869 0.777767 2.66142 0
0.87 0.77787 2.66166 0
0.871 0.777972 2.66191 0
0.872 0.778074 2.66215 0
0.873 0.778176 2.66239 0
0.874 0.778278 2.66263 0
0.875 0.778379 2.66287 0
0.876 0.778481 2.66311 0
0.877 0.778582 2.66334 0
0.878 0.778683 2.66358 0
0.879 0.778784 2.66382 0
0.88 0.778885 2.66405 0
0.881 0.778985 2.66428 0
0.882 0.779086 2.66452 0
0.883 0.779186 2.66475 0
0.884 0.779286 2.66498 0
0.885 0.779386 2.66521 0
0.886 0.779486 2.66544 0
0.887 0.779585 2.66567 0
0.888 0.779685 2.66589 0
0.889 0.779784 2.66612 0
0.89 0.779883 2.66634 0
0.891 0.779982 2.66657 0
0.892 0.780081 2.66679 0
0.893 0.78018 2.667 0
0.894 0.780278 2.66721 0
0.895 0.780377 2.66741 0
0.896 0.780475 2.6676 0
0.897 0.780573 2.66779 0
0.898 0.780671 2.66797 0
0.899 0.780769 2.66815 0
0.9 0.780866 2.66833 0
0.901 0.780964 2.6685 0
0.902 0.781061 2.66867 0
0.903 0.781159 2.66883 0
0.904 0.781256 2.669 0
0.905 0.781353 2.66916 0
0.906 0.78145 2.66931 0
0.907 0.781546 2.66947 0
0.908 0.781643 2.66962 0
0.909 0.781739 2.66977 0
0.91 0.781836 2.66992 0
0.911 0.781932 2.67007 0
0.912 0.782028 2.67022 0
0.913 0.782124 2.67036 0
0.914 0.78222 2.6705 0
0.915 0.782316 2.67064 0
0.916 0.782412 2.67078 0
0.917 0.782507 2.67092 0
0.918 0.782603 2.67106 0
0.919 0.782698 2.6712 0
0.92 0.782794 2.67133 0
0.921 0.782889 2.67147 0
0.922 0.782984 2.6716 0
0.923 0.783079 2.67173 0
0.924 0.783174 2.67186 0
0.925 0.783269 2.672 0
0.926 0.783363 2.67213 0
0.927 0.783458 2.67226 0
0.928 0.783553 2.67238 0
0.929 0.783647 2.67251 0
0.93 0.783742 2.67264 0
0.931 0.783836 2.67277 0
0.932 0.78393 2.67289 0
0.933 0.784024 2.67309 0
0.934 0.784118 2.67333 0
0.935 0.784212 2.67358 0
0.936 0.784306 2.67382 0
0.937 0.7844 2.67406 0
0.938 0.784494 2.6743 0
0.939 0.784587 2.67454 0
0.94 0.784681 2.67477 0
0.941 0.784774 2.67501 0
0.942 0.784868 2.67524 0
0.943 0.784961 2.67548 0
0.944 0.785055 2.67571 0
0.945 0.785148 2.67594 0
0.946 0.785241 2.67617 0
0.947 0.785334 2.6764 0
0.948 0.785427 2.67662 0
0.949 0.78552 2.67685 0
0.95 0.785613 2.67707 0
0.951 0.785706 2.6773 0
0.952 0.785799 2.67752 0
0.953 0.785891 2.67774 0
0.954 0.785984 2.67797 0
0.955 0.786077 2.67819 0
0.956 0.786169 2.67841 0
0.957 0.786262 2.67862 0
0.958 0.786354 2.67884 0
0.959 0.786447 2.67906 0
0.96 0.786539 2.67928 0
0.961 0.786632 2.67949 0
0.962 0.786724 2.67971 0
0.963 0.786816 2.67992 0
0.964 0.786908 2.68013 0
0.965 0.787001 2.68034 0
0.966 0.787093 2.68056 0
0.967 0.787185 2.68077 0
0.968 0.787277 2.68098 0
0.969 0.787369 2.68119 0
0.97 0.787461 2.68139 0
0.971 0.787553 2.6816 0
0.972 0.787645 2.68181 0
0.973 0.787737 2.68202 0
0.974 0.787828 2.68222 0
0.975 0.78792 2.68243 0
0.976 0.788012 2.68263 0
0.977 0.788104 2.68283 0
0.978 0.788195 2.68304 0
0.979 0.788287 2.68324 0
0.98 0.788379 2.68344 0
0.981 0.78847 2.68364 0
0.982 0.788562 2.68384 0
0.983 0.788653 2.68404 0
0.984 0.788745 2.68424 0
0.985 0.788836 2.68444 0
0.986 0.788928 2.68464 0
0.987 0.789019 2.68483 0
0.988 0.789111 2.68502 0
0.989 0.789202 2.68521 0
0.99 0.789294 2.68539 0
0.991 0.789385 2.68556 0
0.992 0.789476 2.68573 0
0.993 0.789567 2.6859 0
0.994 0.789659 2.68606 0
0.995 0.78975 2.68622 0
0.996 0.789841 2.68637 0
0.997 0.789932 2.68652 0
0.998 0.790023 2.68667 0
0.999 0.790114 2.68682 0
1 0.790206 2.68697 0
1.001 0.790297 2.68711 0
1.002 0.790388 2.68725 0
1.003 0.790479 2.68739 0
1.004 0.79057 2.68753 0
1.005 0.790661 2.68766 0
1.006 0.790752 2.6878 0
1.007 0.790843 2.68793 0
1.008 0.790934 2.68806 0
1.009 0.791025 2.68819 0
1.01 0.791116 2.68832 0
1.011 0.791206 2.68845 0
1.012 0.791297 2.68858 0
1.013 0.791388 2.68871 0
1.014 0.791479 2.68883 0
1.015 0.79157 2.68896 0
1.016 0.791661 2.68908 0
1.017 0.791752 2.6892 0
1.018 0.791843 2.68933 0
1.019 0.791934 2.68945 0
1.02 0.792024 2.68957 0
1.021 0.792115 2.68969 0
1.022 0.792206 2.68981 0
1.023 0.792297 2.68993 0
1.024 0.792388 2.69005 0
1.025 0.792479 2.69016 0
1.026 0.79257 2.69028 0
1.027 0.79266 2.6904 0
1.028 0.792751 2.69051 0
1.029 0.792842 2.69063 0
1.03 0.792933 2.69075 0
1.031 0.793024 2.69086 0
1.032 0.793115 2.69098 0
1.033 0.793205 2.69119 0
1.034 0.793296 2.6914 0
1.035 0.793387 2.69161 0
1.036 0.793478 2.69182 0
1.037 0.793569 2.69203 0
1.038 0.79366 2.69224 0
1.039 0.79375 2.69245 0
1.04 0.793841 2.69266 0
1.041 0.793932 2.69286 0
1.042 0.794023 2.69307 0
1.043 0.794114 2.69327 0
1.044 0.794205 2.69348 0
1.045 0.794296 2.69368 0
1.046 0.794387 2.69388 0
1.047 0.794478 2.69408 0
1.048 0.794568 2.69428 0
1.049 0.794659 2.69448 0
1.05 0.79475 2.69468 0
1.051 0.794841 2.69488 0
1.052 0.794932 2.69508 0
1.053 0.795023 2.69528 0
1.054 0.795114 2.69547 0
1.055 0.795205 2.69567 0
1.056 0.795296 2.69586 0
1.057 0.795387 2.69606 0
1.058 0.795478 2.69625 0
1.059 0.795569 2.69644 0
1.06 0.79566 2.69664 0
1.061 0.795751 2.69683 0
1.062 0.795843 2.69702 0
1.063 0.795934 2.69721 0
1.064 0.796025 2.6974 0
1.065 0.796116 2.69759 0
1.066 0.796207 2.69778 0
1.067 0.796298 2.69796 0
1.068 0.796389 2.69815 0
1.069 0.796481 2.69834 0
1.07 0.796572 2.69853 0
1.071 0.796663 2.69871 0
1.072 0.796754 2.6989 0
1.073 0.796846 2.69908 0
1.074 0.796937 2.69927 0
1.075 0.797028 2.69945 0
1.076 0.79712 2.69963 0
1.077 0.797211 2.69982 0
1.078 0.797302 2.7 0
1.079 0.797394 2.70018 0
1.08 0.797485 2.70036 0
1.081 0.797576 2.70054 0
1.082 0.797668 2.70072 0
1.083 0.797759 2.7009 0
1.084 0.797851 2.70108 0
1.085 0.797942 2.70126 0
1.086 0.798034 2.70144 0
1.087 0.798125 2.70162 0
1.088 0.798217 2.70179 0
1.089 0.798308 2.70197 0
1.09 0.7984 2.70215 0
1.091 0.798492 2.70232 0
1.092 0.798583 2.7025 0
1.093 0.798675 2.70267 0
1.094 0.798766 2.70283 0
1.095 0.798858 2.70299 0
1.096 0.79895 2.70315 0
1.097 0.799042 2.7033 0
1.098 0.799133 2.70345 0
1.099 0.799225 2.70359 0
1.1 0.799317 2.70374 0
1.101 0.799408 2.70388 0
1.102 0.7995 2.70401 0
1.103 0.799592 2.70415 0
1.104 0.799684 2.70428 0
1.105 0.799776 2.70442 0
1.106 0.799868 2.70455 0
1.107 0.799959 2.70467 0
1.108 0.800051 2.7048 0
1.109 0.800143 2.70493 0
1.11 0.800235 2.70505 0
1.111 0.800327 2.70518 0
1.112 0.800419 2.7053 0
1.113 0.800511 2.70542 0
1.114 0.800603 2.70554 0
1.115 0.800695 2.70566 0
1.116 0.800787 2.70578 0
1.117 0.800879 2.70589 0
1.118 0.800971 2.70601 0
1.119 0.801064 2.70613 0
1.12 0.801156 2.70624 0
1.121 0.801248 2.70636 0
1.122 0.80134 2.70647 0
1.123 0.801432 2.70659 0
1.124 0.801525 2.7067 0
1.125 0.801617 2.70681 0
1.126 0.801709 2.70692 0
1.127 0.801801 2.70703 0
1.128 0.801894 2.70714 0
1.129 0.801986 2.70726 0
1.13 0.802078 2.70736 0
1.131 0.802171 2.70747 0
1.132 0.802263 2.70758 0
1.133 0.802356 2.70769 0
1.134 0.802448 2.7078 0
1.135 0.802541 2.70791 0
1.136 0.802633 2.70802 0
1.137 0.802726 2.70812 0
1.138 0.802818 2.70823 0
1.139 0.802911 2.70834 0
1.14 0.803003 2.70844 0
1.141 0.803096 2.70855 0
1.142 0.803189 2.70871 0
1.143 0.803281 2.7089 0
1.144 0.803374 2.70909 0
1.145 0.803467 2.70927 0
1.146 0.80356 2.70946 0
1.147 0.803652 2.70965 0
1.148 0.803745 2.70983 0
1.149 0.803838 2.71002 0
1.15 0.803931 2.7102 0
1.151 0.804024 2.71038 0
1.152 0.804117 2.71057 0
1.153 0.80421 2.71075 0
1.154 0.804303 2.71093 0
1.155 0.804396 2.71111 0
1.156 0.804489 2.71129 0
1.157 0.804582 2.71147 0
1.158 0.804675 2.71165 0
1.159 0.804768 2.71183 0
1.16 0.804861 2.71201 0
1.161 0.804954 2.71219 0
1.162 0.805047 2.71236 0
1.163 0.805141 2.71254 0
1.164 0.805234 2.71272 0
1.165 0.805327 2.71289 0
1.166 0.80542 2.71307 0
1.167 0.805514 2.71324 0
1.168 0.805607 2.71341 0
1.169 0.8057 2.71359 0
1.17 0.805794 2.71376 0
1.171 0.805887 2.71393 0
1.172 0.805981 2.71411 0
1.173 0.806074 2.71428 0
1.174 0.806168 2.71445 0
1.175 0.806261 2.71462 0
1.176 0.806355 2.71479 0
1.177 0.806448 2.71496 0
1.178 0.806542 2.71513 0
1.179 0.806636 2.7153 0
1.18 0.806729 2.71547 0
1.181 0.806823 2.71564 0
1.182 0.806917 2.7158 0
1.183 0.80701 2.71597 0
1.184 0.807104 2.71614 0
1.185 0.807198 2.71631 0
1.186 0.807292 2.71647 0
1.187 0.807386 2.71664 0
1.188 0.80748 2.7168 0
1.189 0.807573 2.71697 0
1.19 0.807667 2.71713 0
1.191 0.807761 2.7173 0
1.192 0.807855 2.71746 0
1.193 0.807949 2.71763 0
1.194 0.808043 2.71779 0
1.195 0.808137 2.71795 0
1.196 0.808231 2.71812 0
1.197 0.808326 2.71828 0
1.198 0.80842 2.71844 0
1.199 0.808514 2.7186 0
1.2 0.808608 2.71876 0
1.201 0.808702 2.71892 0
1.202 0.808796 2.71909 0
1.203 0.808891 2.71925 0
1.204 0.808985 2.71941 0
1.205 0.809079 2.71957 0
1.206 0.809174 2.71972 0
1.207 0.809268 2.71988 0
1.208 0.809362 2.72003 0
1.209 0.809457 2.72018 0
1.21 0.809551 2.72032 0
1.211 0.809646 2.72047 0
1.212 0.80974 2.7206 0
1.213 0.809835 2.72074 0
1.214 0.809929 2.72087 0
1.215 0.810024 2.721 0
1.216 0.810118 2.72113 0
1.217 0.810213 2.72126 0
1.218 0.810307 2.72138 0
1.219 0.810402 2.72151 0
1.22 0.810497 2.72163 0
1.221 0.810591 2.72175 0
1.222 0.810686 2.72187 0
1.223 0.810781 2.72198 0
1.224 0.810875 2.7221 0
1.225 0.81097 2.72222 0
1.226 0.811065 2.72233 0
1.227 0.811159 2.72244 0
1.228 0.811254 2.72256 0
1.229 0.811349 2.72267 0
1.23 0.811444 2.72278 0
1.231 0.811539 2.72289 0
1.232 0.811633 2.723 0
1.233 0.811728 2.72311 0
1.234 0.811823 2.72322 0
1.235 0.811918 2.72333 0
1.236 0.812013 2.72343 0
1.237 0.812108 2.72354 0
1.238 0.812203 2.72365 0
1.239 0.812298 2.72375 0
1.24 0.812393 2.72386 0
1.241 0.812488 2.72397 0
1.242 0.812583 2.72407 0
1.243 0.812678 2.72418 0
1.244 0.812773 2.72428 0
1.245 0.812868 2.72438 0
1.246 0.812964 2.72449 0
1.247 0.813059 2.72459 0
1.248 0.813154 2.72469 0
1.249 0.813249 2.7248 0
1.25 0.813344 2.7249 0
1.251 0.81344 2.725 0
1.252 0.813535 2.7251 0
1.253 0.81363 2.7252 0
1.254 0.813726 2.7253 0
1.255 0.813821 2.7254 0
1.256 0.813916 2.7255 0
1.257 0.814012 2.7256 0
1.258 0.814107 2.7257 0
1.259 0.814202 2.7258 0
1.26 0.814298 2.7259 0
1.261 0.814393 2.72605 0
1.262 0.814489 2.72622 0
1.263 0.814584 2.72639 0
1.264 0.81468 2.72656 0
1.265 0.814775 2.72673 0
1.266 0.814871 2.7269 0
1.267 0.814966 2.72707 0
1.268 0.815062 2.72723 0
1.269 0.815158 2.7274 0
1.27 0.815253 2.72757 0
1.271 0.815349 2.72774 0
1.272 0.815445 2.7279 0
1.273 0.81554 2.72807 0
1.274 0.815636 2.72823 0
1.275 0.815732 2.7284 0
1.276 0.815827 2.72856 0
1.277 0.815923 2.72873 0
1.278 0.816019 2.72889 0
1.279 0.816115 2.72905 0
1.28 0.816211 2.72921 0
1.281 0.816306 2.72938 0
1.282 0.816402 2.72954 0
1.283 0.816498 2.7297 0
1.284 0.816594 2.72986 0
1.285 0.81669 2.73002 0
1.286 0.816786 2.73018 0
1.287 0.816882 2.73034 0
1.288 0.816978 2.7305 0
1.289 0.817074 2.73066 0
1.29 0.817169 2.73082 0
1.291 0.817265 2.73098 0
1.292 0.817361 2.73114 0
1.293 0.817457 2.7313 0
1.294 0.817554 2.73146 0
1.295 0.81765 2.73161 0
1.296 0.817746 2.73177 0
1.297 0.817842 2.73193 0
1.298 0.817938 2.73208 0
1.299 0.818034 2.73224 0
1.3 0.81813 2.7324 0
1.301 0.818226 2.73255 0
1.302 0.818322 2.73271 0
1.303 0.818419 2.73286 0
1.304 0.818515 2.73302 0
1.305 0.818611 2.73317 0
1.306 0.818707 2.73333 0
1.307 0.818803 2.73348 0
1.308 0.8189 2.73363 0
1.309 0.818996 2.73379 0
1.31 0.819092 2.73394 0
1.311 0.819189 2.73409 0
1.312 0.819285 2.73425 0
1.313 0.819381 2.7344 0
1.314 0.819478 2.73455 0
1.315 0.819574 2.7347 0
1.316 0.81967 2.73485 0
1.317 0.819767 2.735 0
1.318 0.819863 2.73516 0
1.319 0.819959 2.73531 0
1.32 0.820056 2.73546 0
1.321 0.820152 2.73561 0
1.322 0.820249 2.73576 0
1.323 0.820345 2.73591 0
1.324 0.820442 2.73606 0
1.325 0.820538 2.73621 0
1.326 0.820635 2.73636 0
1.327 0.820731 2.7365 0
1.328 0.820828 2.73665 0
1.329 0.820924 2.7368 0
1.33 0.821021 2.73695 0
1.331 0.821117 2.73709 0
1.332 0.821214 2.73723 0
1.333 0.82131 2.73737 0
1.334 0.821407 2.73751 0
1.335 0.821503 2.73764 0
1.336 0.8216 2.73777 0
1.337 0.821696 2.7379 0
1.338 0.821793 2.73802 0
1.339 0.82189 2.73814 0
1.34 0.821986 2.73826 0
1.341 0.822083 2.73838 0
1.342 0.822179 2.7385 0
1.343 0.822276 2.73862 0
1.344 0.822372 2.73873 0
1.345 0.822469 2.73885 0
1.346 0.822566 2.73896 0
1.347 0.822662 2.73907 0
1.348 0.822759 2.73918 0
1.349 0.822855 2.73929 0
1.35 0.822952 2.7394 0
1.351 0.823049 2.73951 0
1.352 0.823145 2.73962 0
1.353 0.823242 2.73973 0
1.354 0.823339 2.73983 0
1.355 0.823435 2.73994 0
1.356 0.823532 2.74005 0
1.357 0.823628 2.74015 0
1.358 0.823725 2.74026 0
1.359 0.823822 2.74036 0
1.36 0.823918 2.74046 0
1.361 0.824015 2.74057 0
1.362 0.824112 2.74067 0
1.363 0.824208 2.74077 0
1.364 0.824305 2.74087 0
1.365 0.824402 2.74098 0
1.366 0.824498 2.74108 0
1.367 0.824595 2.74118 0
1.368 0.824692 2.74128 0
1.369 0.824788 2.74138 0
1.37 0.824885 2.74148 0
1.371 0.824982 2.74158 0
1.372 0.825078 2.74168 0
1.373 0.825175 2.74178 0
1.374 0.825272 2.74188 0
1.375 0.825369 2.74198 0
1.376 0.825465 2.74208 0
1.377 0.825562 2.74218 0
1.378 0.825659 2.74227 0
1.379 0.825755 2.74237 0
1.38 0.825852 2.74247 0
1.381 0.825949 2.74257 0
1.382 0.826045 2.74267 0
1.383 0.826142 2.74276 0
1.384 0.826239 2.74286 0
1.385 0.826335 2.74296 0
1.386 0.826432 2.74305 0
1.387 0.826529 2.74315 0
1.388 0.826625 2.74326 0
1.389 0.826722 2.74343 0
1.39 0.826819 2.74359 0
1.391 0.826916 2.74375 0
1.392 0.827012 2.7439 0
1.393 0.827109 2.74406 0
1.394 0.827206 2.74422 0
1.395 0.827302 2.74438 0
1.396 0.827399 2.74454 0
1.397 0.827496 2.7447 0
1.398 0.827592 2.74485 0
1.399 0.827689 2.74501 0
1.4 0.827786 2.74517 0
1.401 0.827882 2.74532 0
1.402 0.827979 2.74548 0
1.403 0.828076 2.74563 0
1.404 0.828172 2.74579 0
1.405 0.828269 2.74594 0
1.406 0.828366 2.7461 0
1.407 0.828462 2.74625 0
1.408 0.828559 2.74641 0
1.409 0.828656 2.74656 0
1.41 0.828752 2.74672 0
1.411 0.828849 2.74687 0
1.412 0.828946 2.74702 0
1.413 0.829042 2.74717 0
1.414 0.829139 2.74733 0
1.415 0.829236 2.74748 0
1.416 0.829332 2.74763 0
1.417 0.829429 2.74778 0
1.418 0.829526 2.74793 0
1.419 0.829622 2.74809 0
1.42 0.829719 2.74824 0
1.421 0.829815 2.74839 0
1.422 0.829912 2.74854 0
1.423 0.830009 2.74869 0
1.424 0.830105 2.74884 0
1.425 0.830202 2.74899 0
1.426 0.830298 2.74914 0
1.427 0.830395 2.74929 0
1.428 0.830492 2.74944 0
1.429 0.830588 2.74959 0
1.43 0.830685 2.74973 0
1.431 0.830781 2.74988 0
1.432 0.830878 2.75003 0
1.433 0.830974 2.75018 0
1.434 0.831071 2.75033 0
1.435 0.831167 2.75048 0
1.436 0.831264 2.75062 0
1.437 0.831361 2.75077 0
1.438 0.831457 2.75092 0
1.439 0.831554 2.75107 0
1.44 0.83165 2.75121 0
1.441 0.831747 2.75136 0
1.442 0.831843 2.75151 0
1.443 0.83194 2.75165 0
1.444 0.832036 2.7518 0
1.445 0.832133 2.75194 0
1.446 0.832229 2.75209 0
1.447 0.832325 2.75223 0
1.448 0.832422 2.75238 0
1.449 0.832518 2.75253 0
1.45 0.832615 2.75267 0
1.451 0.832711 2.75282 0
1.452 0.832808 2.75296 0
1.453 0.832904 2.7531 0
1.454 0.833 2.75325 0
1.455 0.833097 2.75339 0
1.456 0.833193 2.75354 0
1.457 0.83329 2.75368 0
1.458 0.833386 2.75383 0
1.459 0.833482 2.75397 0
1.46 0.833579 2.75411 0
1.461 0.833675 2.75425 0
1.462 0.833771 2.75439 0
1.463 0.833868 2.75453 0
1.464 0.833964 2.75466 0
1.465 0.83406 2.75479 0
1.466 0.834156 2.75491 0
1.467 0.834253 2.75504 0
1.468 0.834349 2.75516 0
1.469 0.834445 2.75528 0
1.47 0.834541 2.7554 0
1.471 0.834637 2.75552 0
1.472 0.834734 2.75564 0
1.473 0.83483 2.75575 0
1.474 0.834926 2.75587 0
1.475 0.835022 2.75598 0
1.476 0.835118 2.75609 0
1.477 0.835214 2.7562 0
1.478 0.83531 2.75631 0
1.479 0.835406 2.75642 0
1.48 0.835502 2.75653 0
1.481 0.835598 2.75664 0
1.482 0.835694 2.75675 0
1.483 0.83579 2.75685 0
1.484 0.835886 2.75696 0
1.485 0.835982 2.75707 0
1.486 0.836078 2.75717 0
1.487 0.836174 2.75728 0
1.488 0.83627 2.75738 0
1.489 0.836366 2.75749 0
1.49 0.836462 2.75759 0
1.491 0.836558 2.75769 0
1.492 0.836654 2.7578 0
1.493 0.836749 2.7579 0
1.494 0.836845 2.758 0
1.495 0.836941 2.7581 0
1.496 0.837037 2.75821 0
1.497 0.837133 2.75831 0
1.498 0.837228 2.75841 0
1.499 0.837324 2.75851 0
1.5 0.83742 2.75861 0
1.501 0.837515 2.75871 0
1.502 0.837611 2.75881 0
1.503 0.837707 2.75891 0
1.504 0.837802 2.75901 0
1.505 0.837898 2.75911 0
1.506 0.837994 2.75921 0
1.507 0.838089 2.75931 0
1.508 0.838185 2.75941 0
1.509 0.83828 2.75951 0
1.51 0.838376 2.75961 0
1.511 0.838471 2.75971 0
1.512 0.838567 2.75981 0
1.513 0.838662 2.7599 0
1.514 0.838758 2.76 0
1.515 0.838853 2.7601 0
1.516 0.838949 2.7602 0
1.517 0.839044 2.7603 0
1.518 0.83914 2.76039 0
1.519 0.839235 2.76049 0
1.52 0.83933 2.76063 0
1.521 0.839426 2.76079 0
1.522 0.839521 2.76095 0
1.523 0.839616 2.76111 0
1.524 0.839711 2.76126 0
1.525 0.839807 2.76142 0
1.526 0.839902 2.76158 0
1.527 0.839997 2.76173 0
1.528 0.840092 2.76189 0
1.529 0.840187 2.76204 0
1.53 0.840283 2.7622 0
1.531 0.840378 2.76235 0
1.532 0.840473 2.76251 0
1.533 0.840568 2.76266 0
1.534 0.840663 2.76282 0
1.535 0.840758 2.76297 0
1.536 0.840853 2.76312 0
1.537 0.840948 2.76328 0
1.538 0.841043 2.76343 0
1.539 0.841138 2.76358 0
1.54 0.841233 2.76374 0
1.541 0.841328 2.76389 0
1.542 0.841422 2.76404 0
1.543 0.841517 2.7642 0
1.544 0.841612 2.76435 0
1.545 0.841707 2.7645 0
1.546 0.841802 2.76465 0
1.547 0.841896 2.7648 0
1.548 0.841991 2.76495 0
1.549 0.842086 2.76511 0
1.55 0.842181 2.76526 0
1.551 0.842275 2.76541 0
1.552 0.84237 2.76556 0
1.553 0.842464 2.76571 0
1.554 0.842559 2.76586 0
1.555 0.842654 2.76601 0
1.556 0.842748 2.76616 0
1.557 0.842843 2.76631 0
1.558 0.842937 2.76646 0
1.559 0.843032 2.76661 0
1.56 0.843126 2.76676 0
1.561 0.84322 2.76691 0
1.562 0.843315 2.76706 0
1.563 0.843409 2.76721 0
1.564 0.843504 2.76735 0
1.565 0.843598 2.7675 0
1.566 0.843692 2.76765 0
1.567 0.843786 2.7678 0
1.568 0.843881 2.76795 0
1.569 0.843975 2.7681 0
1.57 0.844069 2.76824 0
1.571 0.844163 2.76839 0
1.572 0.844257 2.76854 0
1.573 0.844351 2.76869 0
1.574 0.844445 2.76883 0
1.575 0.844539 2.76898 0
1.576 0.844633 2.76913 0
1.577 0.844727 2.76928 0
1.578 0.844821 2.76942 0
1.579 0.844915 2.76957 0
1.58 0.845009 2.76972 0
1.581 0.845103 2.76986 0
1.582 0.845197 2.77001 0
1.583 0.845291 2.77016 0
1.584 0.845384 2.7703 0
1.585 0.845478 2.77045 0
1.586 0.845572 2.7706 0
1.587 0.845666 2.77074 0
1.588 0.845759 2.77089 0
1.589 0.845853 2.77103 0
1.59 0.845947 2.77118 0
1.591 0.84604 2.77132 0
1.592 0.846134 2.77147 0
1.593 0.846227 2.77161 0
1.594 0.846321 2.77175 0
1.595 0.846414 2.77188 0
1.596 0.846507 2.77202 0
1.597 0.846601 2.77215 0
1.598 0.846694 2.77227 0
1.599 0.846787 2.7724 0
1.6 0.846881 2.77252 0
1.601 0.846974 2.77265 0
1.602 0.847067 2.77277 0
1.603 0.84716 2.77289 0
1.604 0.847253 2.77301 0
1.605 0.847346 2.77313 0
1.606 0.847439 2.77324 0
1.607 0.847532 2.77336 0
1.608 0.847625 2.77347 0
1.609 0.847718 2.77359 0
1.61 0.847811 2.7737 0
1.611 0.847904 2.77381 0
1.612 0.847997 2.77393 0
1.613 0.84809 2.77404 0
1.614 0.848182 2.77415 0
1.615 0.848275 2.77426 0
1.616 0.848368 2.77437 0
1.617 0.848461 2.77448 0
1.618 0.848553 2.77459 0
1.619 0.848646 2.77469 0
1.62 0.848738 2.7748 0
1.621 0.848831 2.77491 0
1.622 0.848923 2.77502 0
1.623 0.849016 2.77513 0
1.624 0.849108 2.77523 0
1.625 0.8492 2.77534 0
1.626 0.849293 2.77545 0
1.627 0.849385 2.77555 0
1.628 0.849477 2.77566 0
1.629 0.84957 2.77576 0
1.63 0.849662 2.77587 0
1.631 0.849754 2.77597 0
1.632 0.849846 2.77608 0
1.633 0.849938 2.77618 0
1.634 0.85003 2.77629 0
1.635 0.850122 2.77639 0
1.636 0.850214 2.7765 0
1.637 0.850306 2.7766 0
1.638 0.850398 2.77671 0
1.639 0.85049 2.77681 0
1.64 0.850581 2.77691 0
1.641 0.850673 2.77702 0
1.642 0.850765 2.77712 0
1.643 0.850857 2.77722 0
1.644 0.850948 2.77733 0
1.645 0.85104 2.77743 0
1.646 0.851131 2.77753 0
1.647 0.851223 2.77763 0
1.648 0.851314 2.77774 0
1.649 0.851406 2.77785 0
1.65 0.851497 2.77801 0
1.651 0.851589 2.77817 0
1.652 0.85168 2.77834 0
1.653 0.851771 2.7785 0
1.654 0.851863 2.77866 0
1.655 0.851954 2.77882 0
1.656 0.852045 2.77898 0
1.657 0.852136 2.77914 0
1.658 0.852227 2.77931 0
1.659 0.852318 2.77947 0
1.66 0.852409 2.77963 0
1.661 0.8525 2.77979 0
1.662 0.852591 2.77995 0
1.663 0.852682 2.78011 0
1.664 0.852773 2.78027 0
1.665 0.852864 2.78043 0
1.666 0.852955 2.78058 0
1.667 0.853045 2.78074 0
1.668 0.853136 2.7809 0
1.669 0.853227 2.78106 0
1.67 0.853317 2.78122 0
1.671 0.853408 2.78138 0
1.672 0.853499 2.78154 0
1.673 0.853589 2.78169 0
1.674 0.85368 2.78185 0
1.675 0.85377 2.78201 0
1.676 0.85386 2.78217 0
1.677 0.853951 2.78233 0
1.678 0.854041 2.78248 0
1.679 0.854131 2.78264 0
1.68 0.854222 2.7828 0
1.681 0.854312 2.78295 0
1.682 0.854402 2.78311 0
1.683 0.854492 2.78327 0
1.684 0.854582 2.78342 0
1.685 0.854672 2.78358 0
1.686 0.854762 2.78374 0
1.687 0.854852 2.78389 0
1.688 0.854942 2.78405 0
1.689 0.855032 2.7842 0
1.69 0.855121 2.78436 0
1.691 0.855211 2.78452 0
1.692 0.855301 2.78467 0
1.693 0.855391 2.78483 0
1.694 0.85548 2.78498 0
1.695 0.85557 2.78514 0
1.696 0.855659 2.78529 0
1.697 0.855749 2.78545 0
1.698 0.855838 2.7856 0
1.699 0.855928 2.78576 0
1.7 0.856017 2.78591 0
1.701 0.856106 2.78606 0
1.702 0.856196 2.78622 0
1.703 0.856285 2.78637 0
1.704 0.856374 2.78653 0
1.705 0.856463 2.78668 0
1.706 0.856552 2.78684 0
1.707 0.856641 2.78699 0
1.708 0.85673 2.78714 0
1.709 0.856819 2.7873 0
1.71 0.856908 2.78745 0
1.711 0.856997 2.7876 0
1.712 0.857086 2.78776 0
1.713 0.857175 2.78791 0
1.714 0.857264 2.78806 0
1.715 0.857352 2.78822 0
1.716 0.857441 2.78837 0
1.717 0.85753 2.78852 0
1.718 0.857618 2.78868 0
1.719 0.857707 2.78883 0
1.72 0.857795 2.78897 0
1.721 0.857883 2.78911 0
1.722 0.857972 2.78925 0
1.723 0.85806 2.78939 0
1.724 0.858148 2.78953 0
1.725 0.858237 2.78966 0
1.726 0.858325 2.78979 0
1.727 0.858413 2.78992 0
1.728 0.858501 2.79005 0
1.729 0.858589 2.79018 0
1.73 0.858677 2.79031 0
1.731 0.858765 2.79043 0
1.732 0.858853 2.79055 0
1.733 0.85894 2.79068 0
1.734 0.859028 2.7908 0
1.735 0.859116 2.79092 0
1.736 0.859203 2.79104 0
1.737 0.859291 2.79116 0
1.738 0.859378 2.79128 0
1.739 0.859466 2.7914 0
1.74 0.859553 2.79152 0
1.741 0.859641 2.79163 0
1.742 0.859728 2.79175 0
1.743 0.859815 2.79187 0
1.744 0.859903 2.79198 0
1.745 0.85999 2.7921 0
1.746 0.860077 2.79221 0
1.747 0.860164 2.79233 0
1.748 0.860251 2.79244 0
1.749 0.860338 2.79256 0
1.75 0.860425 2.79267 0
1.751 0.860512 2.79279 0
1.752 0.860598 2.7929 0
1.753 0.860685 2.79301 0
1.754 0.860772 2.79313 0
1.755 0.860859 2.79324 0
1.756 0.860945 2.79335 0
1.757 0.861032 2.79346 0
1.758 0.861118 2.79358 0
1.759 0.861205 2.79369 0
1.76 0.861291 2.7938 0
1.761 0.861377 2.79391 0
1.762 0.861464 2.79402 0
1.763 0.86155 2.79413 0
1.764 0.861636 2.79424 0
1.765 0.861722 2.79436 0
1.766 0.861808 2.79447 0
1.767 0.861894 2.79458 0
1.768 0.86198 2.79469 0
1.769 0.862066 2.7948 0
1.77 0.862152 2.79491 0
1.771 0.862238 2.79503 0
1.772 0.862323 2.7952 0
1.773 0.862409 2.79537 0
1.774 0.862495 2.79555 0
1.775 0.86258 2.79572 0
1.776 0.862666 2.79589 0
1.777 0.862751 2.79607 0
1.778 0.862837 2.79624 0
1.779 0.862922 2.79641 0
1.78 0.863007 2.79658 0
1.781 0.863093 2.79675 0
1.782 0.863178 2.79692 0
1.783 0.863263 2.79709 0
1.784 0.863348 2.79726 0
1.785 0.863433 2.79743 0
1.786 0.863518 2.79761 0
1.787 0.863603 2.79778 0
1.788 0.863688 2.79794 0
1.789 0.863773 2.79811 0
1.79 0.863857 2.79828 0
1.791 0.863942 2.79845 0
1.792 0.864027 2.79862 0
1.793 0.864111 2.79879 0
1.794 0.864196 2.79896 0
1.795 0.86428 2.79913 0
1.796 0.864365 2.7993 0
1.797 0.864449 2.79947 0
1.798 0.864533 2.79963 0
1.799 0.864618 2.7998 0
1.8 0.864702 2.79997 0
1.801 0.864786 2.80014 0
1.802 0.86487 2.8003 0
1.803 0.864954 2.80047 0
1.804 0.865038 2.80064 0
1.805 0.865122 2.80081 0
1.806 0.865206 2.80097 0
1.807 0.865289 2.80114 0
1.808 0.865373 2.80131 0
1.809 0.865457 2.80147 0
1.81 0.86554 2.80164 0
1.811 0.865624 2.80181 0
1.812 0.865707 2.80197 0
1.813 0.865791 2.80214 0
1.814 0.865874 2.8023 0
1.815 0.865957 2.80247 0
1.816 0.866041 2.80264 0
1.817 0.866124 2.8028 0
1.818 0.866207 2.80297 0
1.819 0.86629 2.80313 0
1.82 0.866373 2.8033 0
1.821 0.866456 2.80346 0
1.822 0.866539 2.80363 0
1.823 0.866621 2.80379 0
1.824 0.866704 2.80396 0
1.825 0.866787 2.80412 0
1.826 0.866869 2.80429 0
1.827 0.866952 2.80445 0
1.828 0.867034 2.80462 0
1.829 0.867117 2.80478 0
1.83 0.867199 2.80495 0
1.831 0.867282 2.80511 0
1.832 0.867364 2.80528 0
1.833 0.867446 2.80544 0
1.834 0.867528 2.8056 0
1.835 0.86761 2.80576 0
1.836 0.867692 2.80592 0
1.837 0.867774 2.80608 0
1.838 0.867856 2.80623 0
1.839 0.867938 2.80638 0
1.84 0.868019 2.80653 0
1.841 0.868101 2.80667 0
1.842 0.868182 2.80681 0
1.843 0.868264 2.80695 0
1.844 0.868345 2.80709 0
1.845 0.868427 2.80723 0
1.846 0.868508 2.80737 0
1.847 0.868589 2.8075 0
1.848 0.86867 2.80763 0
1.849 0.868751 2.80777 0
1.85 0.868832 2.8079 0
1.851 0.868913 2.80803 0
1.852 0.868994 2.80816 0
1.853 0.869075 2.80829 0
1.854 0.869155 2.80842 0
1.855 0.869236 2.80854 0
1.856 0.869316 2.80867 0
1.857 0.869397 2.8088 0
1.858 0.869477 2.80892 0
1.859 0.869558 2.80905 0
1.86 0.869638 2.80917 0
1.861 0.869718 2.8093 0
1.862 0.869798 2.80942 0
1.863 0.869878 2.80954 0
1.864 0.869958 2.80967 0
1.865 0.870038 2.80979 0
1.866 0.870118 2.80991 0
1.867 0.870197 2.81004 0
1.868 0.870277 2.81016 0
1.869 0.870357 2.81028 0
1.87 0.870436 2.8104 0
1.871 0.870516 2.81052 0
1.872 0.870595 2.81064 0
1.873 0.870674 2.81076 0
1.874 0.870753 2.81089 0
1.875 0.870833 2.81101 0
1.876 0.870912 2.81113 0
1.877 0.870991 2.81125 0
1.878 0.87107 2.81137 0
1.879 0.871148 2.81148 0
1.88 0.871227 2.8116 0
1.881 0.871306 2.81172 0
1.882 0.871384 2.81184 0
1.883 0.871463 2.81201 0
1.884 0.871541 2.8122 0
1.885 0.87162 2.81238 0
1.886 0.871698 2.81257 0
1.887 0.871776 2.81276 0
1.888 0.871854 2.81294 0
1.889 0.871933 2.81313 0
1.89 0.87201 2.81331 0
1.891 0.872088 2.8135 0
1.892 0.872166 2.81368 0
1.893 0.872244 2.81387 0
1.894 0.872322 2.81405 0
1.895 0.872399 2.81423 0
1.896 0.872477 2.81442 0
1.897 0.872554 2.8146 0
1.898 0.872632 2.81478 0
1.899 0.872709 2.81497 0
1.9 0.872786 2.81515 0
1.901 0.872863 2.81533 0
1.902 0.87294 2.81551 0
1.903 0.873017 2.8157 0
1.904 0.873094 2.81588 0
1.905 0.873171 2.81606 0
1.906 0.873247 2.81624 0
1.907 0.873324 2.81642 0
1.908 0.8734 2.8166 0
1.909 0.873477 2.81678 0
1.91 0.873553 2.81696 0
1.911 0.873629 2.81714 0
1.912 0.873706 2.81732 0
1.913 0.873782 2.8175 0
1.914 0.873858 2.81768 0
1.915 0.873934 2.81786 0
1.916 0.874009 2.81804 0
1.917 0.874085 2.81822 0
1.918 0.874161 2.8184 0
1.919 0.874236 2.81858 0
1.92 0.874312 2.81876 0
1.921 0.874387 2.81894 0
1.922 0.874463 2.81911 0
1.923 0.874538 2.81929 0
1.924 0.874613 2.81947 0
1.925 0.874688 2.81965 0
1.926 0.874763 2.81983 0
1.927 0.874838 2.82 0
1.928 0.874913 2.82018 0
1.929 0.874987 2.82036 0
1.93 0.875062 2.82054 0
1.931 0.875136 2.82071 0
1.932 0.875211 2.82089 0
1.933 0.875285 2.82107 0
1.934 0.875359 2.82124 0
1.935 0.875433 2.82142 0
1.936 0.875507 2.8216 0
1.937 0.875581 2.82177 0
1.938 0.875655 2.82195 0
1.939 0.875729 2.82212 0
1.94 0.875802 2.8223 0
1.941 0.875876 2.82247 0
1.942 0.875949 2.82264 0
1.943 0.876023 2.8228 0
1.944 0.876096 2.82296 0
1.945 0.876169 2.82312 0
1.946 0.876242 2.82328 0
1.947 0.876315 2.82343 0
1.948 0.876388 2.82358 0
1.949 0.876461 2.82373 0
1.95 0.876533 2.82388 0
1.951 0.876606 2.82403 0
1.952 0.876678 2.82417 0
1.953 0.876751 2.82431 0
1.954 0.876823 2.82445 0
1.955 0.876895 2.8246 0
1.956 0.876967 2.82474 0
1.957 0.877039 2.82487 0
1.958 0.877111 2.82501 0
1.959 0.877182 2.82515 0
1.96 0.877254 2.82528 0
1.961 0.877325 2.82542 0
1.962 0.877397 2.82556 0
1.963 0.877468 2.82569 0
1.964 0.877539 2.82582 0
1.965 0.87761 2.82596 0
1.966 0.877681 2.82609 0
1.967 0.877752 2.82622 0
1.968 0.877822 2.82635 0
1.969 0.877893 2.82648 0
1.97 0.877964 2.82661 0
1.971 0.878034 2.82674 0
1.972 0.878104 2.82687 0
1.973 0.878174 2.827 0
1.974 0.878244 2.82713 0
1.975 0.878314 2.82726 0
1.976 0.878384 2.82739 0
1.977 0.878454 2.82752 0
1.978 0.878524 2.82765 0
1.979 0.878593 2.82777 0
1.98 0.878662 2.8279 0
1.981 0.878732 2.82803 0
1.982 0.878801 2.82816 0
1.983 0.87887 2.8283 0
1.984 0.878939 2.8285 0
1.985 0.879008 2.8287 0
1.986 0.879076 2.8289 0
1.987 0.879145 2.8291 0
1.988 0.879213 2.8293 0
1.989 0.879282 2.8295 0
1.99 0.87935 2.82969 0
1.991 0.879418 2.82989 0
1.992 0.879486 2.83009 0
1.993 0.879554 2.83029 0
1.994 0.879622 2.83048 0
1.995 0.879689 2.83068 0
1.996 0.879757 2.83088 0
1.997 0.879824 2.83107 0
1.998 0.879892 2.83127 0
1.999 0.879959 2.83146 0
2 0.880026 2.83166 0
2.001 0.880093 2.83185 0
